216938
660010
660130
1828741
1118314
1275822
1343832
662172
1360782
1820332
1927051
1941401
2170321
1825161
1897482
2112761
1829051
1808781
1983382
1496152
1977312
1700632
1567401
928600
928600
928600
760620
760620
928600
760620
928600
760620
928600
760620
928600
760620
928600
760620
928600
928600
928600
928600
928600
928600
928600
928600
928600
928600
928600
928600
928600
928600
928600
928600
760620
41010
205930
12240
231060
259280
281690
317400
321040
231990
41010
205930
12240
41010
205930
12240
231060
259280
281690
317400
321040
231990
41010
205930
12240
231060
259280
281690
317400
41010
41010
205930
12240
205930
231060
12240
231060
259280
281690
259280
317400
281690
317400
321040
321040
231990
231990
41010
205930
12240
231060
259280
281690
317400
321040
231990
41010
205930
12240
231060
259280
281690
317400
321040
231990
41010
205930
12240
231060
259280
281690
317400
321040
231990
41010
205930
12240
231060
259280
281690
317400
321040
231990
41010
205930
12240
231060
259280
281690
317400
321040
231990
41010
205930
12240
231060
259280
281690
317400
321040
231990
41010
205930
12240
231060
259280
281690
317400
321040
231990
41010
205930
12240
231060
259280
281690
317400
321040
231990
41010
205930
12240
231060
259280
281690
317400
321040
231990
41010
205930
12240
231060
259280
281690
317400
321040
231990
41010
205930
12240
231060
259280
281690
317400
321040
231990
41010
205930
12240
231060
259280
281690
317400
321040
231990
41010
205930
12240
231060
259280
281690
317400
41010
205930
12240
231060
259280
281690
317400
321040
231990
212910
321040
700580
365720
596350
654310
2075730
212910
321040
700580
365720
596350
654310
2075730
212910
321040
700580
365720
596350
654310
2075730
212910
321040
700580
365720
596350
654310
2075730
212910
321040
700580
365720
596350
654310
2075730
41010
205930
12240
231060
259280
281690
317400
321040
231990
41010
205930
12240
231060
259280
281690
317400
321040
231990
41010
205930
12240
231060
259280
281690
317400
321040
231990
41010
205930
12240
231060
41010
205930
12240
231060
259280
281690
317400
321040
231990
41010
205930
12240
231060
259280
281690
317400
321040
231990
41010
205930
12240
231060
259280
281690
317400
321040
231990
41010
205930
12240
231060
259280
281690
317400
321040
231990
41010
205930
12240
231060
259280
281690
317400
321040
231990
41010
205930
12240
231060
259280
281690
317400
321040
231990
41010
205930
12240
231060
259280
281690
317400
321040
231990
41010
205930
12240
231060
259280
281690
317400
321040
231990
41010
205930
12240
231060
259280
281690
317400
321040
231990
41010
205930
12240
231060
259280
281690
317400
321040
231990
41010
205930
12240
231060
259280
281690
317400
321040
231990
