524290
1572870
2621450
1310730
524300
1310731
524310
1572890
5
7
8
1572891
1572892
1572893
1572894
786460
524320
1310750
524330
1835050
1048630
2621500
1310780
2621510
524360
1572940
2621520
1310800
262230
90
2621530
92
1310810
1835100
786530
1310820
2621550
786550
2621560
524410
1835130
2359420
2097280
1310850
524420
2359430
1573000
2097290
2621580
2097300
150
524440
1573020
2097310
1310880
524450
1835170
1573030
2097320
786600
2621610
1573040
2097330
2621620
1310900
1573050
2097340
2621630
1048770
262340
262341
2097350
262342
205
2097360
210
211
1310930
215
262360
262361
218
219
2621660
2097370
262362
2359520
2097380
1310960
524530
2359540
2097400
2359550
1573120
260
2621700
524550
1310980
2097420
2621710
1835280
1835281
1573140
1573141
2097430
2621720
1311000
524570
2097440
2621730
1311010
1835300
1048870
1048871
1048872
1048873
1048874
2097450
2621740
786730
524590
524591
304
524592
524593
524594
524595
524596
310
2621750
1048879
1835320
1311040
786760
1311050
1835340
1048910
1311060
524630
786780
2621800
364
1573230
1835380
2359670
2097530
786810
2359680
1311110
1573260
2097560
410
786860
2621870
2097590
786870
1049020
1311170
456
457
458
459
2097610
786890
1311180
2621910
1049050
1573340
480
2359790
2621940
510
513
1573380
520
2359820
530
1049110
1573400
2097690
540
1311260
1049120
1049121
2359840
2621990
560
563
564
565
787000
524860
1049150
575
576
2622020
581
582
583
584
585
586
524870
1835590
590
524880
1049170
2622040
2622050
1311340
1835630
1573490
629
2622070
635
640
2622080
644
1573510
650
651
652
653
654
1573520
660
1049240
669
1835680
787130
524990
2622150
525000
1049290
2622160
525011
525012
525014
525015
525016
525017
525018
525019
525020
1311450
1835740
1835741
1573600
262880
740
525030
525031
525032
745
525033
525035
525036
525034
525037
1835751
787180
753
754
755
756
1049330
2360050
760
761
1311480
764
765
767
2622210
1049350
1311500
1573650
1573660
1573670
1573680
2622270
1835850
2360140
787280
852
525140
854
1049430
2360150
1311580
1049440
2098020
1573740
1311600
525170
525180
1835900
525183
525185
525186
2098050
900
901
902
903
904
905
906
907
908
909
2098060
787340
912
913
914
915
1573780
1573781
916
917
918
921
919
920
922
923
924
925
926
928
927
929
930
931
932
933
934
935
936
937
938
939
940
941
942
943
946
947
944
945
948
949
950
951
953
954
955
1573820
956
957
958
959
960
962
963
964
961
965
1573830
966
969
970
967
973
968
975
971
972
974
1573840
976
977
978
979
981
980
983
982
984
985
986
987
988
990
991
989
992
994
995
525280
525283
998
999
2622440
1001
525284
1003
1007
1836010
1836011
1836012
1836020
2622470
1311750
525320
2098190
2622480
525340
1836060
1573918
1836061
1573920
1573930
787500
1311790
1836080
1049650
2360370
1573940
2098230
2098231
2622520
2098232
2622530
1311810
1836100
1311820
525390
2098260
263260
787560
2622570
1311850
1836140
1836141
1836142
1311860
525430
2098300
1311870
525440
525441
525442
1311890
1311900
525470
525471
2098340
1049770
787630
1311920
525490
1210
1213
1049790
1220
787660
1230
2622670
525520
1311950
1049810
787670
787671
1240
2622680
1836250
2098400
787680
787681
787682
1255
1256
1257
2098410
1259
1260
1311980
525550
2098420
1270
2622710
1273
2360570
1574140
2622720
1280
1290
525580
263440
2360600
1306
2098460
1312030
1317
1320
1049900
2098480
787770
2098500
2622790
2622800
1312081
1836370
1049940
2360660
1312100
2360680
2622830
1312110
787830
2622840
1312120
1836410
1049990
1574280
2098570
525710
2360720
2622870
525720
525730
1050030
2360750
2098610
2098611
2622900
787890
525750
1836470
1050040
1836480
1050050
1574340
787910
2622920
1050060
2360780
1574350
1050070
1574360
1312220
1502
525790
1504
525791
525792
1507
525793
525794
525795
525796
525797
525798
525800
525799
525801
525802
525803
1050090
1522
1523
525810
1525
525811
525813
1528
525817
525818
525812
1532
525821
525822
1535
525823
525820
525819
1540
1312260
525830
525831
525832
525833
1574410
525834
525836
525837
525838
525839
525840
525841
525842
525835
2623000
1836570
1574430
2623020
1312300
2623030
1574460
1312330
525900
1836620
2360910
1312340
1836630
788060
1312350
1635
525930
1836650
1050220
1645
1574520
2098810
1312390
525960
2623120
1312400
525970
525971
1312410
1312411
525980
1312412
1312413
1312414
2098850
2623140
1836710
1710
2361010
2623160
788160
2623170
526020
1574600
1574601
788170
2623180
1836750
1836751
2098900
2098901
526040
1574630
526060
1836780
1312500
526070
1050360
1574650
2623230
526080
526081
526082
526083
526084
526085
526086
526087
526088
526089
2623240
788230
788231
1312520
1836810
2623250
1312530
526120
526121
526122
1050410
1312560
788290
1312580
526150
1050440
1312590
1050450
2361170
2623320
1050460
2623330
1312620
2361200
526200
526201
526202
526203
526204
526205
526206
526207
1920
526208
526209
526210
526211
526212
1574790
2099070
2623360
1312640
1312650
1050530
1312680
788400
2623410
1312690
526260
1050550
2623420
1312700
1312710
2361290
1574860
788430
2623440
1312720
2361300
2361301
2099160
2099161
2099162
788440
2099164
526300
526301
1312730
2361310
2361311
2361312
2361313
2361314
2361315
2361316
2361317
1050600
1574890
788460
2623470
526320
1050610
1050611
2361330
2099200
2623490
1312770
526340
2099210
526350
1837070
1574940
1312800
1574950
1312810
2099250
1312820
1837110
1837111
1837112
2110
1312830
1837120
1837121
2114
2115
1837122
2120
526410
526411
2361420
1312850
526420
1050710
1050711
1050712
1050713
1050714
1050715
1050716
1050717
1312860
2145
788580
2150
2623590
1312870
1575020
788590
2623610
1312890
2623620
788620
2623640
1050780
2099360
1312930
1050790
1575080
1575081
2623660
1312940
2623670
526520
1837240
526530
526531
526532
788680
1312970
1837260
1837261
1312980
526560
526561
526562
2623720
1313000
526570
526571
526572
1837290
2361580
1313010
2623740
1313020
1837310
526600
2099470
2623760
2623770
1575200
2623780
2361640
2099500
2350
526640
1837360
2361650
2623800
1313080
2361660
2623810
2361670
2623820
1313100
526670
1575250
2099540
2623830
526680
2623840
1837410
2403
788840
2410
2623850
2413
2623860
788860
2430
2623870
2099590
2623880
2623890
1313170
264600
2460
2623900
1313180
264610
2623910
1313190
526760
1575340
1575341
2623920
526770
2623930
1575363
2623940
1575364
1575365
1575366
1575367
1575368
1575369
2505
2361800
1313220
2510
2623950
264660
788950
2623960
1313240
2530
1313250
1575397
526830
1575410
1575411
1575412
1575413
1575414
1575415
1575416
526840
2099704
2099700
2099702
2099703
788983
1837560
526850
1051140
2099720
526860
1051150
2361870
1575440
1313300
2361880
2099740
1575460
2624040
1313320
1051180
789040
789041
526910
2361920
2625
1575490
2624070
2635
1575500
789070
2645
2099800
789080
264800
1313380
526950
2361960
1575530
1313390
264820
2680
2361980
1575550
264830
2099840
2690
2624130
1313410
2361990
264840
264841
2099850
264850
789140
1313430
527000
1837720
2099870
1313440
527010
2724
2725
2726
2730
1313450
527020
527021
527022
2362030
789170
2740
1313460
1575610
2624190
1575620
2760
2624200
1313480
1837770
264910
2767
2768
2770
264920
2099930
2624220
1313500
527070
264930
2790
1313510
527080
1051370
1575660
789230
527090
1051380
2362100
1051390
1051391
1051392
2826
2827
264970
1313550
1837850
2100000
1837860
1051430
1051431
1051432
1051433
1051434
2860
2624300
2362160
2624310
1837880
1051450
265020
2100030
527170
1051460
2624330
1313610
527180
2624340
1313620
1051480
1575770
527200
527201
527202
527203
527204
527205
265060
265061
1837930
2362220
2930
1313650
527220
1051510
2624380
1051520
265090
2624390
2950
1837960
2362250
1575820
265100
2100110
789391
1313680
789393
1837970
1313690
1051550
2362270
1575840
1575850
265130
265131
265132
1313710
2362290
2362292
2362293
2362294
2362295
3000
1313720
2362296
1838010
1575881
1575882
1575883
1575884
2624460
1575885
1575887
1575888
1667901
2100180
789460
3030
2624470
1313750
3040
2624480
1838050
1051620
1051621
2362340
265191
265192
265193
265200
1313780
1575930
1313790
1051650
2624520
1313800
527370
1051660
2362380
265230
2100240
2624530
2362390
2362391
789530
2624540
1051680
2100260
1313830
527400
527401
527402
527403
527404
527405
527406
527407
2362410
1313840
527410
1051700
2624570
1313850
2362430
1051720
1576010
3150
2624590
527440
1838160
2362450
3160
2624600
2362460
1313890
1051750
2362470
1576040
1576041
2100330
1313900
1838190
1051760
3190
1051770
1051771
3200
1313920
1051780
3205
1051781
2362500
789640
3210
1313930
1051790
1051791
789650
3220
2362530
1576100
2624680
1838260
265400
1313980
265410
2100420
2624710
1313990
3273
265420
2100430
2100431
3280
1576160
2100450
1314020
3302
2362600
1314030
3312
1838320
265460
265461
265462
265463
265464
265465
3322
527610
1838330
2624770
3332
1051910
1576200
2100490
2624780
1314060
3342
1314061
1314062
2362640
3352
1838360
1838361
1838362
1838363
1838364
1838365
1838366
2624800
1838367
3362
1838368
1838369
1838370
789790
1838371
2100520
789800
3370
2624810
3372
789801
2362670
2100530
789810
2624820
789811
3382
1314100
265530
2100540
2624830
3392
1576260
2100550
2624840
1314120
3402
1838410
1314130
3412
2100570
2624860
3422
1838430
1052000
265570
2100580
3432
789870
2624880
3442
1576310
1576311
1576312
3452
2100610
2624900
3462
3470
2624910
3472
1576340
2624920
3482
1052060
2624930
3492
1838500
2624940
1314220
3502
1838510
2362800
265650
3512
1838520
2362810
2100670
2624960
3522
2362820
1576390
3532
1314260
3542
527830
527831
527833
527832
527834
527835
527836
527837
527838
527839
527840
527841
1576410
527842
2362850
1314280
3562
1838570
2362860
1576430
3572
527860
790010
3582
2362880
2362881
1576450
2362882
2362883
3592
1576460
2100750
3599
3602
2625050
3612
1838620
2625060
1314340
3622
3629
3630
2625070
3632
1314350
1838640
3640
2625080
3642
1314360
3650
2625090
3652
1314370
2362950
1576520
790090
2625100
1314380
2625110
1314390
2362970
2625120
1314400
527980
1838700
1052270
1052271
1052272
1052273
1052274
1052275
2100850
2625150
528000
2100870
2100871
2625160
790150
1314440
2100890
2625180
1838750
1052320
790180
3750
2625190
528040
1314470
2100910
528050
528051
528052
528053
1576630
528055
528056
528057
528058
1314490
2100930
2625220
2625230
2625240
1314520
2625250
2625260
1576690
2625270
1314550
1838840
2363130
1576700
3838
3839
3840
2625280
1314560
1838850
1314563
790280
3850
2625290
1314570
1314580
1838870
1576730
1838880
1838881
2363170
1314610
1838910
1838920
2363210
2625360
1314640
1838930
2625370
528220
1838940
1314660
1838950
1052520
2363240
1052530
2625400
3970
2101140
528280
1052570
2101150
2625440
1314720
528290
2101160
4010
4020
2625460
528310
1314740
1839030
1314750
1052610
1314760
1314761
528330
1314762
1052620
1314763
1314764
1314765
2101200
528340
528341
528342
528343
528344
528345
528346
528347
2625500
528348
528349
528350
528351
528352
2101210
528360
528361
528362
528363
1576940
528364
528365
528366
528367
528368
528369
528370
528371
528372
2101230
2101240
790520
1314810
528380
528381
528382
528383
528384
528385
528386
528387
528388
528389
4102
528391
528392
528390
1052680
1052690
2363410
2625560
1052700
1052701
1314850
2625580
2625590
1839160
1052730
1052731
1052740
2625610
1577040
1314900
2625630
1314910
528480
1839200
4200
1314920
528490
1839210
1052780
2363500
4206
4207
4210
790650
2625660
1577090
2101380
2101381
2625670
2101382
2101385
2101386
2101387
1577100
2101388
2101389
1314960
1052820
2101400
2101401
2363550
4260
4270
2625710
2101430
4280
1839290
1052860
1315010
1839300
1315020
4310
4320
4329
4330
528620
1052910
1315060
528630
1577210
2101500
1577220
2101520
2101530
1839390
1052960
2101540
2363690
790830
790831
4400
2625840
528690
790832
1839410
266550
4410
2625850
2101570
1315140
2363720
2625870
1315150
4440
1839450
2363740
266590
4450
1577330
2625910
1315190
1053050
266620
4480
1839490
790923
790924
1577360
1053080
2363800
1577370
1839530
4540
2625980
1315260
1839550
2101700
4550
2625990
2626000
1315280
266710
2626010
1315290
266720
2626020
1315300
528870
4590
266740
4600
2626040
1053180
266750
4610
266760
2626060
1315340
1315350
791070
1839650
266800
2101810
791090
1315380
266810
1577540
791110
1315400
791120
2363990
791130
1315420
2101860
4710
2626150
1839720
2101870
266862
266864
529010
1839730
266868
266870
266873
4730
2626170
1315450
266874
266880
1315460
529030
2101900
529050
2101920
2101921
2101922
1315490
2626220
1315500
1839790
266930
266931
2101940
791220
4790
2626230
1315510
266940
791230
1315520
2364100
4808
4810
2626250
1315530
2101970
791250
4820
2626260
1315540
1839830
4830
2626270
1315550
2626280
1315560
2626290
1315570
2364150
4856
267000
267001
1315580
2626310
1315590
2364170
791310
2626320
1315600
529170
1839890
2102050
529190
4910
529200
1577781
1577782
1577783
1577784
1577785
1577786
1577792
4930
4931
1577800
1577801
1577802
2102090
4940
1839970
1315690
2626420
1315700
791420
5000
5001
5002
5003
5004
5005
5006
5007
5008
5009
5010
5011
5012
5013
5014
5015
5016
5017
5018
5019
5020
5021
5022
5023
5024
5025
997
5026
5027
5028
2626470
5030
5031
5032
5033
5034
5035
5036
5037
5038
2626480
5041
5042
5043
5044
5045
5046
5047
5048
5049
5050
5051
5052
5053
5054
5055
2626490
5056
5057
5058
5060
5061
529350
5062
5063
5064
5059
1577930
5066
5067
5068
5069
5070
5071
5072
5073
5074
5075
5076
5077
5078
5079
5080
5081
5082
5083
5084
5086
5085
5088
5087
5090
5091
5092
5093
5094
5095
5096
5097
5098
5099
5100
5101
5102
5103
5104
5105
5106
5107
5108
5109
529390
5111
5112
5113
5114
5115
5116
5117
5118
5119
5120
5121
5122
5123
5124
5125
5126
5127
5128
5129
5130
5131
5132
5133
5134
5135
1578000
5136
5138
5137
5140
5139
5141
5142
5143
5144
5145
5146
5147
5149
5150
5151
5152
5153
5154
5155
5157
5158
5159
5160
5161
5162
5163
5164
5165
1578030
5166
5167
5168
5169
5170
5172
5173
5174
5175
1840180
5177
5178
5179
5180
5181
5182
5183
5184
5185
5186
5187
5188
5189
5190
5191
5192
5193
5194
5195
5196
5197
5198
5199
5200
5201
5202
5203
5204
5205
5206
5207
5208
5209
5210
5211
5212
5213
5214
5215
5216
5217
5218
5219
5220
5221
5222
5223
1053800
2102370
791650
5227
2102380
2102381
2626670
5231
5232
5233
5234
5235
5236
5237
5238
5239
5240
5241
5242
5243
5244
5245
5246
5247
5248
5249
5250
5251
5252
5253
5254
5255
1578120
1578121
1578122
1578123
1578124
1578125
1578126
1578127
1578128
1578129
1578130
5259
5260
5262
5261
5263
5265
5273
5274
5275
1578140
5276
5277
5278
5279
5280
5281
5282
5283
5284
5285
5286
5287
5288
5290
5289
5291
5292
5293
5294
5295
5296
5297
5298
5300
5301
5299
5303
5304
5305
5306
1316020
1316021
5309
5310
5311
5312
529600
1316025
5315
5316
5317
1316029
5319
5320
5321
5322
5323
5324
5325
5326
5327
5328
5329
5330
5331
5332
5333
5334
5335
529620
5337
5338
5339
5340
5341
5342
5343
5344
5345
5346
5347
5348
5349
5350
5351
2626790
5353
1316070
1316071
1316072
1316073
2102510
1316074
5360
5361
5362
5363
5364
5365
5366
5367
5368
5369
5370
5371
5372
267510
5374
5375
5376
5377
5378
5379
5386
5387
5388
5389
5390
5391
5392
1316110
5394
5395
1578260
5396
5397
5398
5399
5400
5401
5402
5404
5405
5406
529690
1053980
5409
5410
5411
267550
5414
5415
5416
1053990
5418
5419
5420
2364710
5422
1316142
5424
1054000
5426
5427
5428
2102580
5430
267570
529720
5433
5434
5435
1054010
267580
791870
791871
2626880
791872
1054020
5445
5446
5447
2102600
5449
5450
5451
529740
5453
267590
5455
5456
5457
791890
5459
5460
5461
5462
5463
5464
5465
529750
5467
5468
2102620
5470
5471
5472
5473
5474
5475
5476
5477
5478
5479
5480
5481
5483
5484
2364780
5486
5487
5488
5489
267630
5492
1840500
5494
5495
1578360
5496
5497
5499
5500
5501
5502
5503
5504
5505
1578370
5507
267650
267651
5510
5511
5512
5513
5514
5515
5516
5517
5518
5519
5520
5521
5522
5523
5524
5525
5526
5527
5529
5530
5531
5532
5533
5534
5535
5536
5537
5538
5539
5540
5541
5542
5543
5544
5545
5546
5547
1316260
5549
5550
5551
5552
5553
5554
5555
5556
5557
5558
5559
5560
5561
5562
5563
5564
5565
5566
5567
5568
5569
5570
5571
5572
5573
5574
5575
5576
5577
5578
5579
5580
5581
2102730
5583
5584
5585
5586
5587
5588
5589
5590
5591
5592
5593
5594
5595
5596
5597
5598
5599
5600
5601
5602
5603
5604
5605
5606
5607
5608
5609
5610
5611
5612
5613
5614
5615
5616
5617
5618
5619
5620
5621
5622
5623
2627060
1316340
1578490
5626
5627
5628
5629
5630
5631
5632
5633
5634
5635
5636
5637
5638
5639
5641
5642
5643
5644
5640
1578510
5646
5648
5645
5650
5651
5652
5653
5654
5655
5656
5657
5658
5659
5660
5661
5662
5663
5664
5665
1578530
1578531
5666
5667
5670
5671
5672
5673
5674
5675
5676
5677
792110
5678
5679
5680
5681
5682
5683
5684
5685
5686
5687
5688
5689
5690
5691
5692
5693
5694
5695
1578560
5696
5698
5699
5700
5701
5702
5703
5697
1054280
5706
5707
5708
5709
5710
5711
5712
5713
5714
5715
1578580
5716
5717
5719
5720
5718
5722
5721
5724
5725
5726
5727
5728
5729
5730
5731
5732
267870
5734
5735
1578600
5736
5737
5739
5740
5741
5742
5743
5744
5745
1578610
5746
5747
5749
5750
5751
5752
5748
5754
5753
1578620
5756
5757
5759
5760
5761
5762
5763
5764
5758
1578630
5766
5765
5767
5770
5771
5772
5773
5774
5775
5776
5777
5778
5779
5780
5781
5782
5783
5784
5785
5786
5787
5788
5789
5790
5791
5793
5794
5795
5796
5797
5798
5799
5801
5802
5803
5804
5805
1578670
5806
5807
5809
5810
5808
5812
5813
5814
5815
1578680
5816
5818
5819
5820
5817
5822
5821
5824
5825
1578690
5826
5827
5829
5830
5828
5831
5832
5833
5835
5834
5836
5837
5838
5839
5841
5842
5843
5844
5845
5846
5847
5848
5849
5850
5851
5852
5853
5854
5855
5856
5857
5858
5859
5860
5861
5862
5863
5864
5865
5866
5867
5868
5869
5870
5871
5872
5873
5874
5875
5876
5877
5878
5879
5880
5881
5882
5883
5884
5885
5886
5887
5888
5889
5890
5891
530180
2103040
5894
5895
5896
5897
5898
5899
5900
5901
5902
5903
5904
5905
1578770
5906
5907
5909
5910
5911
5912
5908
5914
5915
1578780
5916
5917
5913
5918
5921
5922
530210
1840930
1578790
5926
5927
5928
5929
5930
5932
5933
5934
5935
5936
5937
5938
5939
5940
5941
5942
5943
5944
5945
5946
5947
2103100
5949
5950
5951
5952
268090
5954
5955
5956
5957
5958
5959
5960
5961
5962
5963
5964
5965
5966
5967
5968
5969
5970
5971
5972
5973
5974
5975
5976
5977
268113
5979
5980
5981
5982
5983
5984
5985
5986
5987
5988
5989
5990
5991
5992
5993
5994
5995
5996
530280
1316710
792440
530310
1054600
1316750
1578910
792490
1316780
1316790
792510
2627520
1841090
792520
2627530
1316810
1054670
792530
6100
1841110
1054680
2365400
6110
1841120
1316840
6122
530410
1841130
6130
2365430
268280
268281
268290
268291
268296
268297
1054730
2365450
268300
1316880
268310
268311
268312
268313
2627610
1316890
268314
268315
2103330
2627620
1316900
2365480
792620
530480
792630
1316920
530490
1054780
2103360
2627650
1316930
1579080
1316940
1579090
6230
2627670
1054810
1316960
6260
1316980
1054840
1316990
530570
1579150
6290
530580
1054870
1054871
1579160
1054872
1054873
2365590
530590
530595
530596
530597
530598
530599
530600
2627750
2103460
1317030
2365610
6320
2627760
530610
530611
2365620
6330
1317050
1841340
2103490
6340
1054920
1054921
6350
2627790
530640
530641
1579220
6360
2627800
1317080
2103520
2103521
2627810
1317090
530660
530661
1579240
2627820
530670
530671
1054960
1317110
530690
1841410
2103560
792840
6410
1317130
268560
2103570
1317140
530710
530711
2365720
1317160
530730
268590
1317170
268600
1317180
268610
268611
268612
268613
1317190
268614
530760
1317200
1055060
1055061
1579350
1055062
1055063
1055064
1055065
1055066
530780
1055067
1055070
1055071
1579360
1055072
1055073
1317220
1841510
1317230
6520
530810
6530
1317250
6540
1317260
1579410
2103700
792980
530840
1317280
6570
6580
1317300
530870
793020
6590
2628030
1317320
793040
6610
1841620
2365930
1579500
793070
1055220
1317370
530940
2365950
1579520
793090
793091
1317380
2628110
1055250
2628120
530970
1055260
793120
1317410
1055270
6700
530990
1055290
2366010
2366011
6720
2628160
531010
1317440
1317470
1317471
1317472
1317473
1317474
1055331
1055332
1055333
1055334
1055335
1055336
2628200
1055338
1055339
1317481
1317482
1317483
1317484
1317485
1317486
1317487
1317488
531060
1317489
1317490
1317491
1317493
1317494
1317495
1317510
1055370
1055371
1055372
2366090
1317520
2628250
2103970
6820
1317540
531120
1055410
793270
531130
531131
2366140
2628300
531150
531151
1055440
531152
531153
531154
531155
531156
531157
531159
531160
531161
531162
531163
1579740
531164
531165
531166
531167
531168
531169
531170
531171
531172
1579750
2104030
2104040
2628320
2628330
1579760
793330
2628340
1579770
793340
2628350
2104070
2628360
531210
6930
531220
6940
2628380
1579810
2104100
6950
1579820
793390
1579830
1055550
1055580
1842020
2366310
2366311
2366312
2366313
2366314
2366315
531310
2366320
2366321
2366322
7030
2366330
1579900
793470
2366340
7050
531340
1055630
7060
2628510
531360
1055650
1579940
7080
2628520
1842090
2366380
2104240
1055670
1579960
793530
793531
2628540
793532
531390
793533
1055680
793534
793535
793536
793537
793538
793539
793540
793541
793542
1842120
793544
1579980
793545
793546
793548
793549
1317840
793554
793547
1055700
793550
793551
1579991
1579992
793552
793553
1055710
1580000
2628580
531430
1055720
793580
2628590
1317870
1317880
531450
1842170
2366460
1317890
531460
2366470
2104330
793610
2628620
1580050
2628630
1317910
1317920
7203
1580070
2104360
1055790
1580080
793650
2104380
7230
7240
1580110
269390
7250
2628690
1317970
2366550
2104410
1055840
7270
1317990
2366570
7280
1055860
1055861
2366580
1356130
7290
2628730
1318010
793730
1055880
269450
2628750
531600
531601
2366610
793750
793751
1318040
1055900
2104480
2104481
2104482
2104483
2104484
2104485
1055910
2104486
2104487
2104488
2104489
2104490
2104491
2104492
2104494
2104493
2104496
2104495
2104498
2104497
2104500
2628780
2366640
1318070
1580220
793790
1318080
531650
2366660
2628820
2366680
7400
7410
1842420
7420
2628860
1056000
2104580
793860
7430
793861
531720
1842440
2104590
7440
1318160
2366740
1580310
7450
2628890
1842460
1056030
531750
2104620
7470
2104630
793910
2628920
2366780
1580350
2104640
7490
1580360
2104650
7500
2628940
2366800
531800
1842520
531810
2366820
2628970
2366830
1580400
1842550
2366840
1318270
2629000
1318290
2366870
2104730
2104731
2104732
2104733
531870
2104734
2104735
2104736
794010
1318300
2366880
1318310
1842600
2366890
2629040
1318320
1318330
1842620
1056190
1318340
794060
7630
1318350
1318360
1842650
2366940
2104800
1318370
531940
1842660
1318380
1842670
1056240
1056241
1056242
1056243
794101
794102
794103
794104
794105
1056250
794107
1580540
1580541
2104830
794108
794109
794110
794111
2104840
2104841
1318410
1056270
2629140
7700
1842710
794140
794141
7710
1318430
532000
1580580
1580581
1580582
1580583
1580584
1580585
1580586
1580587
1056300
1580588
1580589
1580590
1580591
1580592
1580593
1580594
1580595
1580596
532021
794170
7740
1318460
1842750
1318470
532050
2367060
269910
1318490
532060
7780
2629220
1056360
794220
7790
1842810
1056380
7810
532100
1842820
7820
1318540
1056400
794280
7850
2629290
532140
1842870
1580730
1580731
7870
1056450
7880
794320
7890
1580760
7900
2367200
794340
794341
7910
1318630
794343
1842920
794344
794345
794342
7920
1318640
2367220
7930
1318650
2629380
2367240
1580810
2105100
7950
2629390
1842960
1842961
1842962
1842963
1842964
1842965
1842966
1842967
1842968
1842969
1842970
1842971
1842972
1842973
1842974
1842975
1842976
1842977
1842978
1842979
1842980
1842981
1842982
794400
1842984
1842985
1842986
1842987
7980
1842988
1842989
1842983
7990
1318710
532280
794430
1318720
1843010
2105160
8009
8010
794440
794441
794442
1843020
794443
1580880
794444
794445
794446
2629460
794447
532310
794448
794449
794450
794451
8030
1843040
2105190
8040
2629480
532330
1318760
1056620
1056621
1056622
1056623
1056624
1056625
1056626
1056627
1056628
1056629
1056630
2629490
1580920
1318770
2105210
8060
1843070
1056640
1580930
8070
2629510
2629520
8090
1318810
1056670
2367390
2367400
8110
1318830
1843120
1843121
2105270
794560
1318850
2367430
2367431
2105290
8142
8150
1056730
2367450
1581020
794590
8160
1318880
1843170
2105320
8169
1318890
794610
8179
8180
2629620
1318900
1056760
1056761
1318910
1056770
8199
1843210
1056780
1318930
270370
1318950
2367530
1318960
532540
1843260
794690
532550
1581130
1843280
2629720
1319000
2629730
1319020
1319040
532610
1319050
532620
532621
210070
2629780
1056920
210071
210072
1319070
1843360
1056930
2629800
1319080
1319090
2629820
2105540
2105550
1319120
1843410
2367720
2629870
532720
532730
1057020
794880
2629890
1319170
1843460
794890
1319190
1319200
1843490
1057060
2629930
1843500
1057070
1843510
210103
270650
8510
2629950
270660
2629960
1319240
532810
1581390
2629970
532820
2367830
270680
1843560
270700
2105710
532850
1843570
2367860
1581430
2105720
795000
532860
1843580
1581450
1581451
2105740
795020
270740
270741
270742
270743
270744
270745
1843610
8610
1843620
2367910
2367911
2367912
2367913
2367914
2367915
8620
1319340
2367916
1981633
2367920
8630
2630070
1843640
1319360
2367940
1581510
1581512
1581514
2630090
1581516
1581517
1581518
1581519
1581520
1581521
1581522
532940
8660
1319380
8662
1981640
8670
1319390
1581540
2105830
8680
2630120
1057260
1057261
1057262
1057263
1057264
1057265
8690
2630130
1319410
1057270
1057271
1057272
1057273
1057274
1057275
8700
1057276
1057277
1057278
1057279
1057280
1581570
1057282
1057283
1057281
8710
2368000
8720
2368020
2368021
270870
270871
2368022
2368023
8730
1319450
2368024
2368025
2368026
2368027
2368028
2368029
795170
8740
2368040
2368041
2368042
2368043
2368044
2368045
8750
2630190
1319470
2368046
2368047
2368048
2368049
270900
2368050
2368051
8760
2630200
2368052
2368053
2368054
1581630
8770
1319490
795210
270930
270940
270941
270942
2630240
1843810
8804
533100
1843820
2368110
2105970
795250
8820
1319540
533110
1843830
795260
8830
8840
1319560
2368140
1581710
270990
533140
271000
271001
271002
8859
271003
1319580
271004
271005
795290
1581730
2106020
795300
1319590
1319600
1843890
2368180
271030
1057470
8900
533190
2106060
8910
533200
1581780
2106070
2630360
1319640
1843930
1843931
1843932
271080
2106090
1319660
533230
271090
8950
2630390
533240
1843960
8955
271100
271110
1581840
271120
1843990
2368280
8989
8990
2368290
2630440
1581870
2630450
1319740
533310
2106180
1319750
271180
1581901
2106190
795470
2630490
1319770
2106210
1844070
2368360
1581930
1581931
1581932
1581933
1581934
1581935
1581936
1581937
1581938
1581939
533370
533371
533372
533373
533374
533375
533376
533377
533378
533379
533380
533381
1057670
533382
1581960
1319810
2106250
533390
533391
533392
533393
533394
533395
533396
533397
533398
533399
533400
533401
533402
2368410
2106270
9120
533410
533411
533412
533413
533414
533415
533416
533417
533418
533419
533420
533421
533422
1319860
533430
533431
533432
533433
533434
533435
533436
533437
533438
2106300
533440
533441
533442
533439
1319870
2106310
533450
533451
533452
533453
533454
533455
533456
533457
533458
533459
533460
533461
533462
795600
1844180
2106330
1319900
1057760
1582050
271331
795620
795621
1319910
2106360
1844220
795650
2368520
2106380
533520
1057810
271380
271381
271382
271383
9240
9241
533530
271384
1057820
271385
1582110
271386
2106400
271387
271388
271389
271390
2368550
271400
1319980
533550
533551
533552
533553
533554
533555
533556
533557
533558
533559
533560
271416
271417
271418
1582140
271419
271420
271421
271422
271423
533570
271426
271427
271428
1582150
271429
2106440
271430
2630730
271431
271432
1320010
271433
271438
271439
271440
271442
271443
9300
2630740
533590
533591
533592
1057880
271444
1844310
271450
271451
271453
271454
533600
533601
533602
1844320
271456
271458
271460
271461
9320
271463
1320040
271466
1057900
271467
1582190
271468
271471
271464
9330
1320050
271476
271477
1057910
271478
271479
271480
2368626
271474
2630780
271481
1844350
1057920
2368640
271489
271490
271491
271492
1320070
271497
271498
271499
1582220
9360
9370
1320090
1582240
271520
533670
2630830
1057970
2368690
271540
2106550
9400
1582270
1320130
1844420
2368730
9440
2630890
1320180
533750
1058040
1320190
2368770
2106630
2106631
1320200
1320210
1320220
9510
1844520
2630960
533810
1582400
533830
1058120
1058121
2106700
2630990
1320270
533840
2368850
1582422
2106710
2631000
271710
1320290
1320300
533870
1844590
1582450
2631030
533880
1058170
1582460
1058180
271750
1320330
1058190
1582480
1320340
1582490
2106780
1320350
2106800
2631090
1320370
271800
271801
271802
1320380
1844670
1582530
271810
1320390
1058250
1058260
796120
271840
2106850
2369000
271850
1058300
1582590
796160
1320450
271880
796170
9740
534030
1844750
2106900
1844760
796190
1320480
534050
1844770
796200
2369070
796210
1058360
2631230
1844800
271940
271941
271942
271943
271944
1844810
1582670
271950
9810
1844820
1844821
1058390
2369110
271960
271961
271962
271963
1320540
271964
534110
1844830
1582690
2106980
1844840
2106990
2631280
1844850
1058420
2631290
1320570
9860
1844870
1058440
9870
1320590
534160
796310
1320600
1058460
9885
1058461
1058462
1058463
272030
9890
1320610
534180
2631340
1320620
9905
9906
9907
9908
9910
1320630
2369210
9920
2631360
1844930
2631370
1320650
9932
9933
1844940
272080
272083
1320660
272084
9942
2369240
272090
9949
9950
1582820
1582821
272100
1320680
1844970
2369260
1582830
2107121
2107123
1844980
2369270
796410
2369280
9985
2107140
9990
2631430
9992
534280
2369290
1582860
9998
10000
2631440
1320720
1845010
2369300
10010
534300
1320740
10030
10040
534330
534331
1058620
2369340
2369341
2369342
2369343
10050
1320770
1582920
1845070
2369370
10080
1320800
2107240
2631530
2107250
2631540
1320820
1845110
2631550
272260
272261
2631560
1320840
1058700
796560
1320860
272290
1320870
2369450
2369451
2369452
2369453
2107310
10159
2631600
2369455
2369456
1845170
2369457
2369458
2369459
2369454
2107320
10170
2369470
2369471
2369472
2369473
796610
2631620
1320900
1845190
10195
10196
10197
2107350
10199
1320920
272350
2107360
1320930
1845220
2631660
1845230
2631670
1845240
2369530
2369531
1583100
2369532
2369533
1320960
2369540
1583110
272390
2631690
1320970
1583120
2631700
1320980
1321000
2631730
534580
1845300
1583160
534590
1845310
2631750
534600
2631760
534610
534611
534612
534613
534614
534615
534616
534617
2631770
534618
534619
534620
534621
534622
534623
1583200
534624
534625
534626
534628
534629
534630
534631
534632
534633
534634
534627
534636
534635
2631790
534640
272490
1845360
1583220
534650
2369660
2369670
2631820
1321100
534670
1058960
2369680
1583250
1058970
10400
534690
10410
1321130
796850
10420
1321140
2369720
2369721
10430
1321150
10440
1583310
1845470
10470
1321190
1059050
1583340
2107630
10480
10490
2631930
1321210
272640
2631940
2369800
10510
2631950
1845520
10519
1321240
2631970
1321250
272680
10540
1321260
534830
10545
10546
272690
534840
10560
1321280
534850
1059140
2369860
272710
10570
1321290
1845580
1321300
1845590
10590
2632030
1321310
1059170
2107750
2632040
10600
10601
10602
10603
10604
10605
10606
10607
10608
10609
2107760
2632050
1321330
1583480
797050
10620
2632060
1321340
10630
1845640
1059210
10640
1321360
534930
534931
1845650
1583510
10650
2632090
1321370
10660
1321380
534950
2632110
1321390
1059250
534970
272830
10690
1321410
2369990
10695
10696
10697
2107850
10699
10700
1321420
534990
1321430
1059290
1059291
272860
797150
535020
535021
535022
535023
535024
535025
535026
535027
535028
535029
535030
535031
535032
272880
1321470
535040
535041
535042
535043
535044
535045
535046
535047
535048
535049
535050
535051
1059340
535052
1845770
272910
1321490
535060
535061
535062
535063
535064
535065
535066
535067
535068
535069
535070
535071
535072
797210
1321500
2107940
2107941
2107942
2107943
535080
535081
535082
535083
535084
535085
535086
535087
535088
535089
535090
535091
1059380
535092
797230
2107960
2107961
2107962
2107963
535100
535101
535102
535103
1583680
535104
535105
535106
535107
535108
535109
535110
535111
535112
2632260
2107980
2107981
2107982
2107983
535120
2107984
2632270
797260
1321550
2632280
1321560
535130
2108000
2108001
2108002
2108003
535140
2108004
2632290
797280
1583720
2632300
2108020
2108021
2108022
2108023
2108024
2632310
2632320
1583750
2108040
535180
1845900
1583760
2108050
1059480
535200
535201
535202
1845920
1321640
1845930
2370220
1583790
797360
1059510
1583800
797370
1321660
1845950
2370240
2370241
1583810
2370242
2370243
2370244
2370245
1321670
2370246
2370247
2108120
2108130
2632420
1321700
1845990
273130
2108140
2632430
1321710
1059570
1583860
11000
1321720
1846010
273150
273151
273152
273153
1321730
1059590
2108170
2632460
1321740
535310
797460
2632470
1321750
1059610
2108190
797470
1846050
1321770
1059630
2370350
1583920
11060
2108220
797500
11070
1059650
797510
11080
2108240
11090
1059670
2108250
2632540
1321820
1846110
2370400
2370401
1583970
1583971
2370402
797540
2370405
1321830
2370406
2370407
2370408
2370409
2370410
11120
1846130
1059700
2108280
2108281
797560
1321850
535420
1846140
273280
1321860
1059720
1584010
1584011
1584012
1584013
2632590
273290
797580
273300
535450
2370460
1584030
11170
2632610
11172
11179
1321900
535470
2370480
2108340
1846200
1846201
1846202
2632640
11202
1321930
1846220
11220
535510
273370
2632670
1321950
273380
273381
2108390
797670
797671
1321960
797672
1059820
1584110
273390
535540
2370550
11270
2632710
2370580
535580
1059870
797730
1322020
1846310
273450
2108460
2108461
2632750
797740
535600
797750
535610
2108480
797760
1059910
797770
2108500
797780
11350
1584220
2108510
797790
1059940
1584230
797800
2632810
535660
1059950
273520
273521
273522
273523
273524
273525
273526
273527
797810
1584250
273530
797820
2632830
1584260
273540
797830
2370700
273550
797840
1322130
2370710
2108570
797850
11420
2632860
1322140
11424
797860
1322150
535720
2370730
797870
11440
797880
1565370
2370750
797890
11460
2632900
1846470
1060040
797900
11470
1322190
2108630
797910
1322200
535770
535771
797920
1322210
535780
1846500
797930
11500
535790
797940
1322230
1846520
2370810
1584380
2108670
797950
11520
1322240
535810
2370820
273670
797960
1322250
535820
1584400
273680
797970
535830
1060120
2370840
797980
1846560
273700
797990
1060140
798000
798010
798020
2633030
2370890
798030
11600
1322320
11602
11603
11604
11605
2370900
11610
798050
1322340
1060200
1584490
798060
2633070
798070
1322360
2370940
798080
2108810
798090
1322380
535950
798100
1322390
535960
2370970
2108830
798110
2633120
1322400
535970
535971
2370980
2633130
1060270
2108850
2633140
1322420
535990
535991
535992
535993
535994
535995
535996
535997
535998
535999
536000
536001
536002
536003
1322430
798150
536010
2108890
1584610
2108900
1322470
1846760
1584620
1322480
2108920
798210
2633220
536070
536071
2371080
536072
536073
1584650
536074
536075
536076
536077
536078
536079
536080
536081
536082
536083
536084
536085
536086
536087
536088
536089
536090
536091
536093
536094
536095
536096
536092
536097
536098
536099
536100
536101
536102
536103
1060390
1060391
2633260
536104
536108
536105
536106
536107
536111
536112
536113
536114
536115
536116
536117
536118
536119
536120
536121
536122
536123
1060410
1584700
536124
536127
536128
536129
536125
536131
536133
536135
1060420
1584710
536130
536139
536132
536134
536136
536137
536138
536140
1060430
536141
536142
536145
536143
536144
536146
536150
2371170
798310
2109040
798320
1322610
1584760
11900
1322620
2371200
274050
11910
1322630
2109080
798360
1322660
1846950
1322670
2371250
274100
798390
274110
274111
274112
798400
1322690
274120
274121
274122
274123
2633420
798410
2633430
1322710
798430
1322720
1060580
274150
798440
1584880
274160
274161
798450
536310
1322750
1847040
1060610
1322760
536330
1584910
1322770
2371360
1060642
1847080
1322800
1847090
798520
1322810
536380
2109250
536390
2109260
798540
798541
798542
798543
1322840
1060700
2371420
2633570
1322850
1322860
1585010
2109300
2109301
798580
2109303
2109304
2109305
1060730
2109306
2109307
2109309
2109310
2109308
2633600
2109311
2109314
2109315
1060740
2109316
2109317
2109312
2109313
1322880
2633610
1322890
798620
1585060
2109350
1322920
1060780
1322930
12219
2633660
1322940
1585090
798660
1322950
536520
1322960
2371540
1585110
274390
1322970
536540
536541
1060830
536543
536544
536546
536547
12260
536548
536549
536550
1322980
1847270
2633710
1585140
536570
536571
1060860
536572
536573
1585150
536574
536575
536578
536579
536580
536576
536577
2633730
1323010
274440
12300
2633740
536590
1323020
274450
798740
2633750
798750
1323040
536610
2371620
1585190
274470
2109480
274471
2633770
1060910
2109490
2109500
1323070
1847360
1847370
12364
798800
1323090
2109540
798820
1323110
12392
1847400
12400
2633840
1323120
1847410
1847411
2109560
2633850
1060990
1847430
798860
1323150
798870
1323160
536730
1061020
798880
1323170
536740
536741
1061030
798892
798893
798894
798895
1061040
798896
2371760
2633910
536760
1061050
1061060
1323210
1061070
2371790
536790
1061080
1061081
1061082
1061083
1061084
1847520
1585380
1585381
1585382
2109670
2109680
1847540
2109690
798970
2633980
1323260
1847550
798980
12550
2633990
798990
1323280
536850
1847570
1061140
2371860
2634010
1323290
536860
2371870
2109730
799010
2109740
2109741
1323310
536880
799030
2634040
1323320
2109760
1323330
1847620
1061190
2634060
1323340
536910
1585490
2109780
12630
1847640
2371930
1323360
1585510
12650
2634090
2371950
274800
799090
12660
2634100
2371960
2634110
2634120
1585550
2634130
799130
799140
2634150
1323430
1061290
12720
799160
2634170
1323450
1061310
1585600
2634180
537030
1585610
12750
1585620
2634200
2109920
799200
1847780
1061350
1323500
1323510
537080
12799
12800
2634240
1323520
2372100
1585670
2109960
12819
12820
